//OptionValue
// 1  = fireworks
// 2  = verificar classe
// 4  = dropar section toda
// 8  = sockets

3
//Index	DropRate
0		10000	//Set ruud atk DW
1		10000	//Set ruud atk DK
2		10000	//Set ruud atk FE
3		10000	//Set ruud atk MG
4		10000	//Set ruud atk DL
5		10000	//Set ruud atk SU
6		10000	//Set ruud atk RF
7		10000	//Set ruud atk GL
end

4
//Index	Section	SectionRate	MoneyAmount	OptionValue	DW	DK	FE	MG	DL	SU	RF	GL
0		5		10000		0			14			1	0	0	0	0	0	0	0
1		6		10000		0			14			0	1	0	0	0	0	0	0
2		7		10000		0			14			0	0	1	0	0	0	0	0
3		8		10000		0			14			0	0	0	1	0	0	0	0
4		9		10000		0			14			0	0	0	0	1	0	0	0
5		12		10000		0			14			0	0	0	0	0	1	0	0
6		13		10000		0			14			0	0	0	0	0	0	1	0
7		14		10000		0			14			0	0	0	0	0	0	0	1
end

//DW
5
//Index	Level	Grade	Option0	Option1	Option2	Option3	Option4	Option5	Option6	Duration
2624	15		63		0		254		254		254		255		254		0		2505600	
2626	15		63		0		254		254		254		255		254		0		2505600	
3774	15		63		9		254		254		254		255		254		0		2505600
4286	15		63		9		254		254		254		255		254		0		2505600
4798	15		63		9		254		254		254		255		254		0		2505600
5310	15		63		9		254		254		254		255		254		0		2505600
5822	15		63		0		255		255		255		255		255		0		2505600
end

//DK
6
//Index	Level	Grade	Option0	Option1	Option2	Option3	Option4	Option5	Option6	Duration
81		15		63		0		254		254		254		255		254		0		2505600
81		15		63		0		254		254		254		255		254		0		2505600
3773	15		63		9		254		254		254		255		254		0		2505600
4285	15		63		9		254		254		254		255		254		0		2505600
4797	15		63		9		254		254		254		255		254		0		2505600
5309	15		63		0		255		255		255		255		255		0		2505600
5821	15		63		9		254		254		254		255		254		0		2505600
end

//ELF
7
//Index	Level	Grade	Option0	Option1	Option2	Option3	Option4	Option5	Option6	Duration
2104	15		63		0		254		254		254		255		254		0		2505600
2105	15		63		0		254		254		254		255		254		0		2505600
3775	15		63		9		254		254		254		255		254		0		2505600
4287	15		63		9		254		254		254		255		254		0		2505600
4799	15		63		9		254		254		254		255		254		0		2505600
5311	15		63		9		254		254		254		255		254		0		2505600
5823	15		63		0		255		255		255		255		255		0		2505600
end

//MG
8
//Index	Level	Grade	Option0	Option1	Option2	Option3	Option4	Option5	Option6	Duration
82		15		63		0		254		254		254		255		254		0		2505600
82		15		63		0		254		254		254		255		254		0		2505600
4289	15		63		9		254		254		254		255		254		0		2505600
4801	15		63		9		254		254		254		255		254		0		2505600
5313	15		63		9		254		254		254		255		254		0		2505600
5825	15		63		9		254		254		254		255		254		0		2505600
end

//DL
9
//Index	Level	Grade	Option0	Option1	Option2	Option3	Option4	Option5	Option6	Duration
1066	15		63		0		254		254		254		255		254		0		2505600
1066	15		63		0		254		254		254		255		254		0		2505600
3778	15		63		9		254		254		254		255		254		0		2505600
4290	15		63		9		254		254		254		255		254		0		2505600
4802	15		63		9		254		254		254		255		254		0		2505600
5314	15		63		9		254		254		254		255		254		0		2505600
5826	15		63		0		255		255		255		255		255		0		2505600
end

//SU
12
//Index	Level	Grade	Option0	Option1	Option2	Option3	Option4	Option5	Option6	Duration
2625	15		63		0		254		254		254		255		254		0		2505600
2626	15		63		0		254		254		254		255		254		0		2505600
3776	15		63		9		254		254		254		255		254		0		2505600
4288	15		63		9		254		254		254		255		254		0		2505600
4800	15		63		9		254		254		254		255		254		0		2505600
5312	15		63		9		254		254		254		255		254		0		2505600
5824	15		63		0		255		255		255		255		255		0		2505600
end

//RF
13
//Index	Level	Grade	Option0	Option1	Option2	Option3	Option4	Option5	Option6	Duration
83		15		63		0		254		254		254		255		254		0		2505600
83		15		63		0		254		254		254		255		254		0		2505600
3779	15		63		9		254		254		254		255		254		0		2505600
4291	15		63		9		254		254		254		255		254		0		2505600
4803	15		63		9		254		254		254		255		254		0		2505600
5827	15		63		9		254		254		254		255		254		0		2505600
end

//GL
14
//Index	Level	Grade	Option0	Option1	Option2	Option3	Option4	Option5	Option6	Duration
1566	15		63		0		254		254		254		255		254		0		2505600
1566	15		63		0		254		254		254		255		254		0		2505600
3780	15		63		9		254		254		254		255		254		0		2505600
4292	15		63		9		254		254		254		255		254		0		2505600
4804	15		63		9		254		254		254		255		254		0		2505600
5316	15		63		9		254		254		254		255		254		0		2505600
5828	15		63		0		255		255		255		255		255		0		2505600
end