//OptionValue
// 1  = fireworks
// 2  = verificar classe
// 4  = dropar section toda
// 8  = sockets

3
//Index	DropRate
0		10000	//Set ruud atk DW
1		10000	//Set ruud atk DK
2		10000	//Set ruud atk FE
3		10000	//Set ruud atk MG
4		10000	//Set ruud atk DL
5		10000	//Set ruud atk SU
6		10000	//Set ruud atk RF
7		10000	//Set ruud atk GL
8		10000	//Shield
9		10000	//Rings + Pendant
10		10000	//Buffs
end

4
//Index	Section	SectionRate	MoneyAmount	OptionValue	DW	DK	FE	MG	DL	SU	RF	GL
0		5		10000		0			14			1	0	0	0	0	0	0	0
1		6		10000		0			14			0	1	0	0	0	0	0	0
2		7		10000		0			14			0	0	1	0	0	0	0	0
3		8		10000		0			14			0	0	0	1	0	0	0	0
4		9		10000		0			14			0	0	0	0	1	0	0	0
5		12		10000		0			14			0	0	0	0	0	1	0	0
6		13		10000		0			14			0	0	0	0	0	0	1	0
7		14		10000		0			14			0	0	0	0	0	0	0	1
8		15		10000		0			14			1	1	0	1	1	1	0	1
9		16		10000		0			14			1	1	1	1	1	1	1	1
10		20		10000		0			4			1	1	1	1	1	1	1	1
end

//DW
5
//Index	Level	Grade	Option0	Option1	Option2	Option3	Option4	Option5	Option6	Duration
2621	15		63		0		254		254		254		255		254		0		259200	
2623	15		63		0		254		254		254		255		254		0		259200	
3749	15		63		9		254		254		254		255		254		0		259200
4261	15		63		9		254		254		254		255		254		0		259200
4773	15		63		9		254		254		254		255		254		0		259200
5285	15		63		9		254		254		254		255		254		0		259200
5797	15		63		0		255		255		255		255		255		0		259200
6558	15		0		0		254		254		254		254		254		15		259200	//Asa DW
end

//DK
6
//Index	Level	Grade	Option0	Option1	Option2	Option3	Option4	Option5	Option6	Duration
78		15		63		0		254		254		254		255		254		0		259200
78		15		63		0		254		254		254		255		254		0		259200
3748	15		63		9		254		254		254		255		254		0		259200
4260	15		63		9		254		254		254		255		254		0		259200
4772	15		63		9		254		254		254		255		254		0		259200
5284	15		63		0		255		255		255		255		255		0		259200
5796	15		63		9		254		254		254		255		254		0		259200
6559	15		63		0		254		254		254		254		254		15		259200	//Asa DK
end

//ELF
7
//Index	Level	Grade	Option0	Option1	Option2	Option3	Option4	Option5	Option6	Duration
2088	15		63		0		254		254		254		255		254		0		259200
2089	15		63		0		254		254		254		255		254		0		259200
3750	15		63		9		254		254		254		255		254		0		259200
4262	15		63		9		254		254		254		255		254		0		259200
4774	15		63		9		254		254		254		255		254		0		259200
5286	15		63		9		254		254		254		255		254		0		259200
5798	15		63		0		255		255		255		255		255		0		259200
6560	15		0		0		254		254		254		254		254		15		259200	//Asa Elf
end

//MG
8
//Index	Level	Grade	Option0	Option1	Option2	Option3	Option4	Option5	Option6	Duration
79		15		63		0		254		254		254		255		254		0		259200
79		15		63		0		254		254		254		255		254		0		259200
4264	15		63		9		254		254		254		255		254		0		259200
4776	15		63		9		254		254		254		255		254		0		259200
5288	15		63		9		254		254		254		255		254		0		259200
5800	15		63		9		254		254		254		255		254		0		259200
6561	15		0		0		254		254		254		254		254		15		259200	//Asa MG
end

//DL
9
//Index	Level	Grade	Option0	Option1	Option2	Option3	Option4	Option5	Option6	Duration
1064	15		63		0		254		254		254		255		254		0		259200
1064	15		63		0		254		254		254		255		254		0		259200
3753	15		63		9		254		254		254		255		254		0		259200
4265	15		63		9		254		254		254		255		254		0		259200
4777	15		63		9		254		254		254		255		254		0		259200
5289	15		63		9		254		254		254		255		254		0		259200
5801	15		63		0		255		255		255		255		255		0		259200
6562	15		0		0		254		254		254		254		254		15		259200	//Asa DL
end

//SU
12
//Index	Level	Grade	Option0	Option1	Option2	Option3	Option4	Option5	Option6	Duration
2622	15		63		0		254		254		254		255		254		0		259200
2623	15		63		0		254		254		254		255		254		0		259200
3751	15		63		9		254		254		254		255		254		0		259200
4263	15		63		9		254		254		254		255		254		0		259200
4775	15		63		9		254		254		254		255		254		0		259200
5287	15		63		9		254		254		254		255		254		0		259200
5799	15		63		0		255		255		255		255		255		0		259200
6563	15		0		0		254		254		254		254		254		15		259200	//Asa SU
end

//RF
13
//Index	Level	Grade	Option0	Option1	Option2	Option3	Option4	Option5	Option6	Duration
80		15		63		0		254		254		254		255		254		0		259200
80		15		63		0		254		254		254		255		254		0		259200
3754	15		63		9		254		254		254		255		254		0		259200
4266	15		63		9		254		254		254		255		254		0		259200
4778	15		63		9		254		254		254		255		254		0		259200
5802	15		63		9		254		254		254		255		254		0		259200
6564	15		0		0		254		254		254		254		254		15		259200	//Asa RF
end

//GL
14
//Index	Level	Grade	Option0	Option1	Option2	Option3	Option4	Option5	Option6	Duration
1565	15		63		0		254		254		254		255		254		0		259200
1565	15		63		0		254		254		254		255		254		0		259200
3755	15		63		9		254		254		254		255		254		0		259200
4267	15		63		9		254		254		254		255		254		0		259200
4779	15		63		9		254		254		254		255		254		0		259200
5291	15		63		9		254		254		254		255		254		0		259200
5803	15		63		0		255		255		255		255		255		0		259200
6565	15		0		0		254		254		254		254		254		15		259200	//Asa GL
end

//Shield
15
//Index	Level	Grade	Option0	Option1	Option2	Option3	Option4	Option5	Option6	Duration
3120	15		63		0		254		254		254		255		254		0		259200
end

//Rings + Pendants
16
//Index	Level	Grade	Option0	Option1	Option2	Option3	Option4	Option5	Option6	Duration
6827	15		63		0		254		254		254		255		254		0		259200
6828	15		63		0		254		254		254		255		254		0		259200
6829	15		63		0		254		254		254		255		254		0		259200
6831	15		63		0		254		254		254		255		254		0		259200
6832	15		63		0		254		254		254		255		254		0		259200
end

20
//EFFECT	DURATION
44			259200
45			259200
46			259200
196			259200
197			259200
198			259200
200			259200
201			259200
end