//Index = Referencia a tabela de cima
//Section = Referencia aos grupos de drop criados
//MoneyAmount = Quantidade de drop de zen
//OptionValue: 0 = Nada
//1 = Fogos de artifício
//2 = Verificação de classe leva em consideração a party.
//16 = Adicionar o item ao Gremory Case da conta.
//32 = Adicionar o item ao Gremory Case do personagem.
//OBS: Para cumular opções, basta somar os valores.
//DW, DK, FE, MG, DL, SU, RF e GL:
//0 = Não pode.
//1 = Pode.
//2 = Pode, se tiver primeira evolução.
//3 = Pode, se tiver segunda evolução. 

3
//Index	DropRate
0	10000
1	9000
2	8000
3	7000
4	6000
5	5000
6	4000
7	3000
8	2000
9	1000
10	5000
11	4000
12	3000
13	2500
14	2000
15	1500
16	1000
17	3000
18	10
19	10000
20	9000
21	8000
22	7000
23	6000
end

4
//Index	Section	Rate	Money	Option	DW	DK	FE	MG	DL	SU	RF	GL
0	5	10000	0	1	1	1	1	1	1	1	1	1
1	5	10000	0	1	1	1	1	1	1	1	1	1
2	5	10000	0	1	1	1	1	1	1	1	1	1
3	5	10000	0	1	1	1	1	1	1	1	1	1
4	5	10000	0	1	1	1	1	1	1	1	1	1
5	5	10000	0	1	1	1	1	1	1	1	1	1
6	5	10000	0	1	1	1	1	1	1	1	1	1
7	5	10000	0	1	1	1	1	1	1	1	1	1
8	5	10000	0	1	1	1	1	1	1	1	1	1
9	5	10000	0	1	1	1	1	1	1	1	1	1
10	6	10000	0	1	1	1	1	1	1	1	1	1
11	6	10000	0	1	1	1	1	1	1	1	1	1
12	6	10000	0	1	1	1	1	1	1	1	1	1
13	6	10000	0	1	1	1	1	1	1	1	1	1
14	6	10000	0	1	1	1	1	1	1	1	1	1
15	6	10000	0	1	1	1	1	1	1	1	1	1
16	6	10000	0	1	1	1	1	1	1	1	1	1
17	7	10000	0	1	1	1	1	1	1	1	1	1
18	8	10000	0	1	1	1	1	1	1	1	1	1
19	20	10000	0	1	1	1	1	1	1	1	1	1
20	20	10000	0	1	1	1	1	1	1	1	1	1
21	20	10000	0	1	1	1	1	1	1	1	1	1
22	20	10000	0	1	1	1	1	1	1	1	1	1
23	20	10000	0	1	1	1	1	1	1	1	1	1
end

5
//Index	Level	Grade	Option0	Option1	Option2	Option3	Option4	Option5	Option6	Duratio	Comment
7456		0		0		*		*		*		*		*		*		*		0		//Ruud box 100000
end

6
//Index	Level	Grade	Option0	Option1	Option2	Option3	Option4	Option5	Option6	Duratio	Comment
7455		0		0		*		*		*		*		*		*		*		0		//Ruud box 200000
end

7
//Index	Level	Grade	Option0	Option1	Option2	Option3	Option4	Option5	Option6	Duratio	Comment
7513	0	0	*	*	*	*	*	*	*	0	//Mysterious Stone
41		0	0	*	*	*	*	*	*	*	0	//Picareta
end

8
//Index	Level	Grade	Option0	Option1	Option2	Option3	Option4	Option5	Option6	Duratio	Comment
2621	15		63		0		254		254		254		255		254		0		*	
2623	15		63		0		254		254		254		255		254		0		*	
3749	15		63		9		254		254		254		255		254		0		*
4261	15		63		9		254		254		254		255		254		0		*
4773	15		63		9		254		254		254		255		254		0		*
5285	15		63		9		254		254		254		255		254		0		*
5797	15		63		0		255		255		255		255		255		0		*
6558	15		0		0		254		254		254		254		254		15		*	//Asa DW

78		15		63		0		254		254		254		255		254		0		*
78		15		63		0		254		254		254		255		254		0		*
3748	15		63		9		254		254		254		255		254		0		*
4260	15		63		9		254		254		254		255		254		0		*
4772	15		63		9		254		254		254		255		254		0		*
5284	15		63		0		255		255		255		255		255		0		*
5796	15		63		9		254		254		254		255		254		0		*
6559	15		63		0		254		254		254		254		254		15		*	//Asa DK

2088	15		63		0		254		254		254		255		254		0		*
2089	15		63		0		254		254		254		255		254		0		*
3750	15		63		9		254		254		254		255		254		0		*
4262	15		63		9		254		254		254		255		254		0		*
4774	15		63		9		254		254		254		255		254		0		*
5286	15		63		9		254		254		254		255		254		0		*
5798	15		63		0		255		255		255		255		255		0		*
6560	15		0		0		254		254		254		254		254		15		*	//Asa Elf

79		15		63		0		254		254		254		255		254		0		*
79		15		63		0		254		254		254		255		254		0		*
4264	15		63		9		254		254		254		255		254		0		*
4776	15		63		9		254		254		254		255		254		0		*
5288	15		63		9		254		254		254		255		254		0		*
5800	15		63		9		254		254		254		255		254		0		*
6561	15		0		0		254		254		254		254		254		15		*	//Asa MG

1064	15		63		0		254		254		254		255		254		0		*
1064	15		63		0		254		254		254		255		254		0		*
3753	15		63		9		254		254		254		255		254		0		*
4265	15		63		9		254		254		254		255		254		0		*
4777	15		63		9		254		254		254		255		254		0		*
5289	15		63		9		254		254		254		255		254		0		*
5801	15		63		0		255		255		255		255		255		0		*
6562	15		0		0		254		254		254		254		254		15		*	//Asa DL

2622	15		63		0		254		254		254		255		254		0		*
2623	15		63		0		254		254		254		255		254		0		*
3751	15		63		9		254		254		254		255		254		0		*
4263	15		63		9		254		254		254		255		254		0		*
4775	15		63		9		254		254		254		255		254		0		*
5287	15		63		9		254		254		254		255		254		0		*
5799	15		63		0		255		255		255		255		255		0		*
6563	15		0		0		254		254		254		254		254		15		*	//Asa SU

80		15		63		0		254		254		254		255		254		0		*
80		15		63		0		254		254		254		255		254		0		*
3754	15		63		9		254		254		254		255		254		0		*
4266	15		63		9		254		254		254		255		254		0		*
4778	15		63		9		254		254		254		255		254		0		*
5802	15		63		9		254		254		254		255		254		0		*
6564	15		0		0		254		254		254		254		254		15		*	//Asa RF

1565	15		63		0		254		254		254		255		254		0		*
1565	15		63		0		254		254		254		255		254		0		*
3755	15		63		9		254		254		254		255		254		0		*
4267	15		63		9		254		254		254		255		254		0		*
4779	15		63		9		254		254		254		255		254		0		*
5291	15		63		9		254		254		254		255		254		0		*
5803	15		63		0		255		255		255		255		255		0		*
6565	15		0		0		254		254		254		254		254		15		*	//Asa GL

3120	15		63		0		254		254		254		255		254		0		*

6827	15		63		0		254		254		254		255		254		0		*
6828	15		63		0		254		254		254		255		254		0		*
6829	15		63		0		254		254		254		255		254		0		*
6831	15		63		0		254		254		254		255		254		0		*
6832	15		63		0		254		254		254		255		254		0		*

end

20
//EFFECT	DURATION
196			7200
197			7200
198			7200
200			7200
201			7200
210			1800
91			86400
end